0.3
0.7
1
1.1
1.3
1.6
1.6
1.8
1.8
1.8
1.9
2.3
2.4
2.4
2.5
2.7
2.9
3.3
3.5
3.8
4.3
5.5
5.8
6
6.3
6.5
6.5
6.8
6.8
7
7.5
7.8
7.9
8.2
8.3
8.8
9
9
9.1
9.3
9.4
9.7
10.3
10.3
11.1
11.9
12.1
12.1
12.4
12.6
12.6
12.6
12.6
13
13.1
13.1
13.2
13.5
13.5
14
14.1
14.1
14.3
14.4
14.6
15
15
15.4
15.6
16
16.2
16.3
16.7
17
17.3
17.6
17.6
17.8
18.2
18.6
18.7
19
19
19.3
19.4
20
20.2
20.6
20.8
21.3
22.1
22.2
22.3
22.5
22.7
23.5
23.9
24.6
24.7
25.1
26.1
26.2
26.5
26.8
27
27
27.3
27.4
28.1
28.2
28.4
29.2
29.7
30.4
30.7
31.7
32
32
32.1
32.2
32.2
32.3
32.5
32.6
33.4
33.6
33.7
33.8
34.2
34.3
34.4
34.4
34.7
34.7
34.8
34.9
34.9
35.1
35.2
35.5
35.7
35.7
35.8
36
36.3
36.9
37.5
37.6
37.8
38.7
39
39.9
39.9
40.1
40.4
40.6
40.7
41.8
42
42.5
42.6
42.9
43
43.1
43.2
43.9
44.3
44.3
45.2
45.2
45.3
45.4
45.5
46.7
47
47.1
47.9
47.9
48.5
49
49.1
49.4
49.7
50
50.5
50.5
50.6
50.6
50.7
50.7
50.8
51.3
51.6
51.9
52.7
52.8
53.1
53.2
53.3
53.5
53.6
54
54.2
54.4
54.4
55.1
55.2
55.4
56.7
56.8
57.7
58.2
58.2
58.3
58.8
59
59.4
60
60
60.1
60.6
60.6
60.7
60.8
60.8
61.4
61.7
61.8
62.3
62.8
63.4
63.9
64
64.2
65.7
65.9
66.2
66.7
67
67.3
67.5
67.8
67.9
67.9
68
68.3
68.8
68.9
69
69.1
69.1
69.2
69.4
69.4
69.5
70.1
70.6
70.8
70.9
71
71.1
71.5
71.8
72
72
72
72.4
72.7
72.7
72.8
73
73.8
74
74.5
74.5
74.9
75.1
75.2
75.3
75.4
76
76.5
77.2
77.3
77.3
77.4
77.9
78.1
78.2
78.2
78.3
79.1
79.2
79.5
80.4
80.4
80.6
81
81.1
81.1
81.4
81.6
81.7
81.8
82
82.3
82.7
83.1
83.6
83.7
84
84.6
84.7
85
85.1
85.2
85.5
86.5
86.5
86.6
86.7
87.4
87.4
87.7
87.8
88.4
89.1
89.1
89.6
89.7
89.8
90.5
90.6
91.2
91.3
91.5
91.8
91.9
92
92.6
92.9
93.3
93.6
93.6
93.8
93.9
93.9
94.2
94.8
94.8
94.9
95.2
95.5
95.8
95.8
96.2
96.3
96.5
96.6
96.8
96.9
97
97.6
97.9
98
98.1
98.2
98.5
98.5
98.5
98.7
98.8
98.8
99
99
99
99.7
100
100.1
100.3
100.5
100.7
101.1
101.4
101.6
102.2
102.3
102.7
102.7
102.8
103.4
103.8
103.9
104.2
104.3
104.4
104.5
104.6
105.1
105.5
105.6
105.8
106.2
106.2
106.4
106.7
106.8
106.9
107.1
107.5
108.1
108.2
109.2
109.4
110.2
110.4
110.4
110.5
110.6
110.6
110.7
110.8
110.8
110.9
111.6
111.9
112
112.1
112.2
112.2
112.3
112.4
112.8
113
113.1
113.2
113.3
113.5
113.5
113.6
113.9
114
114.1
114.4
115.2
115.3
115.4
115.5
115.6
115.6
115.7
116.5
116.7
117.8
118
118.6
118.7
118.8
118.9
119.3
119.4
119.7
120
120.2
120.5
120.9
121.2
121.2
121.8
122.1
122.2
122.2
123
123.2
123.3
123.7
123.7
123.8
123.8
123.9
124.1
124.2
124.2
124.4
124.4
124.9
125.2
125.5
125.9
125.9
126.2
126.2
126.4
126.4
126.8
127.3
127.7
127.7
128.3
128.4
128.8
128.9
128.9
129.1
129.5
130.1
130.3
130.4
130.8
131.3
131.8
132.3
132.7
132.7
132.8
133
133.1
133.4
133.4
133.5
133.7
133.9
134.1
134.1
134.3
134.5
134.5
134.7
134.7
134.8
134.9
134.9
135.3
135.4
135.5
135.6
135.7
136.3
136.3
136.5
136.7
136.8
137.1
138.3
138.4
138.7
139
139.1
139.2
139.3
140
140.5
140.5
140.7
140.8
141
141.1
141.2
141.2
141.2
141.4
141.8
142.1
142.2
142.3
142.7
142.9
143.6
144
144.1
144.2
144.3
144.4
144.5
144.5
144.6
144.7
144.8
144.9
145.1
145.2
145.3
145.3
145.4
145.5
145.5
145.9
145.9
146.3
146.7
146.9
147
147.1
147.2
147.6
148.1
148.3
148.3
148.5
148.7
149.7
150.3
150.7
151
151.1
151.2
151.5
151.7
152.1
152.4
152.8
153.1
153.4
153.9
154.7
154.7
155.3
155.3
155.5
156.9
157.1
157.4
157.6
157.7
158.7
159.2
159.9
160.2
160.4
160.4
160.5
160.7
160.8
161
161
161.3
162.3
162.3
162.6
163.2
163.3
163.6
164.1
164.1
164.5
165
165
165.1
165.2
165.5
165.9
166.1
166.6
166.6
167
167.1
167.1
167.2
167.4
167.5
167.7
167.7
167.9
168.4
168.6
169.1
169.2
169.4
169.4
169.5
169.6
169.8
169.9
170
170.2
170.3
170.4
170.6
170.7
170.8
171
171.1
171.3
171.6
171.8
172.2
172.5
173.4
173.6
173.7
173.7
173.8
173.9
173.9
174.4
174.5
174.8
175.1
175.3
175.4
175.6
175.9
176.1
176.1
176.2
177.6
177.7
178
178.1
178.4
178.5
178.6
178.9
179.2
179.4
179.5
179.5
179.5
179.5
180
180.4
180.5
180.6
180.8
181.1
181.3
181.4
181.4
181.6
181.8
181.8
182.2
182.4
182.9
183.1
183.4
183.4
183.4
183.5
183.5
184.3
184.7
184.8
185
185.1
185.3
185.5
185.6
185.8
186.1
186.2
186.2
186.3
186.7
186.8
186.8
186.9
187.1
187.5
187.7
187.9
188
188.4
188.5
188.8
189
189.1
189.3
189.5
189.7
189.7
189.8
189.9
189.9
190.1
190.2
190.4
190.5
190.8
191.2
191.7
191.9
192
192.2
192.7
192.9
193.1
193.2
193.5
193.5
193.5
193.8
194.3
194.5
194.5
194.6
194.7
194.8
195.2
195.3
195.7
196.1
196.2
196.6
196.6
197.9
198.1
198.1
198.5
199.3
199.5
199.6
199.7
200.4
200.8
200.9
201.1
201.1
201.4
201.5
201.6
201.8
202
202.5
202.7
203
203
203
203.1
203.3
203.4
203.4
203.9
204.3
204.5
204.6
205.8
205.9
206
206.8
207
207.2
207.3
207.5
207.6
207.8
207.8
208.2
208.2
208.3
208.4
208.9
209
209
209
209.3
209.6
209.7
209.8
210.1
210.1
210.1
210.2
210.7
212.4
212.9
212.9
213.1
213.1
213.8
213.8
213.8
213.8
214.1
214.1
214.5
214.6
214.8
214.9
215
215.6
216.1
216.3
216.6
216.6
216.7
216.8
217
217.2
217.2
217.9
217.9
218.2
218.2
218.6
219
219.5
219.7
219.8
220.5
220.6
221.8
221.9
222.3
222.6
223.3
223.4
223.5
223.5
223.5
223.6
223.7
223.9
224.1
224.1
224.1
224.1
224.2
225.2
225.5
225.7
225.7
226.3
226.3
226.4
226.5
226.6
226.9
227.2
227.7
227.7
227.9
228.1
228.9
228.9
229
229.1
229.3
229.7
229.7
230
230.2
230.4
230.6
230.7
231
231.2
231.3
231.4
232
232.2
233.4
233.4
233.5
233.5
233.6
234.1
234.1
234.1
234.8
234.9
235.6
236.1
236.3
236.4
236.5
236.5
236.8
237
237
237.2
237.6
237.9
238
238
238.8
239.2
239.3
239.4
239.5
240.3
240.3
240.8
240.8
240.9
241
241.5
241.6
242.1
242.1
242.3
242.6
242.6
242.9
243
243
243.4
243.6
244
244
244
244.8
245
245.3
245.5
245.8
246.8
246.9
247.2
247.2
247.7
247.7
247.8
247.9
248.2
248.2
248.4
248.8
249
249
249.1
249.1
249.2
249.4
249.9
250
250.3
250.5
250.6
250.8
251.1
251.6
251.6
251.8
251.8
252
252.2
252.3
252.6
252.6
252.9
253
253.2
253.3
253.5
253.6
253.9
254.1
254.2
254.2
254.5
254.6
254.6
254.6
254.8
255
255.1
255.2
255.9
256.3
256.5
256.6
256.9
257.1
257.1
257.3
257.5
257.7
257.9
258.3
258.5
258.5
258.7
258.8
259
259.2
260.1
260.1
260.1
260.4
260.4
260.5
260.7
260.9
261
261.1
261.2
261.3
261.6
261.9
262.3
262.4
262.7
262.7
262.7
262.9
262.9
263.8
264
264.1
264.2
264.6
264.9
265.2
265.5
265.7
266
266.3
266.9
267.1
267.3
267.4
267.5
267.6
267.8
267.9
268.1
268.6
268.7
268.8
268.8
268.8
268.8
269.2
269.6
270.1
271.2
271.6
271.7
271.8
271.9
271.9
272
272.3
272.6
272.8
273
273.2
273.6
274.1
274.1
274.4
274.6
275.5
276.1
276.5
276.5
277.1
277.1
277.4
277.6
277.8
278.2
278.2
278.6
279.3
279.8
279.9
280.1
280.2
280.4
280.6
281.2
281.6
281.6
281.8
281.8
282
282.2
282.4
283.2
283.4
284
284.2
284.2
284.6
285.4
286
286.2
286.6
287.1
287.1
287.4
287.6
287.9
288.1
288.1
288.2
288.6
288.8
289.2
289.2
289.8
290
290.1
290.2
290.4
290.5
290.5
290.5
290.6
291.2
291.2
291.6
292
292
292.8
293.2
293.3
293.6
294.1
294.2
294.8
294.8
295.1
295.9
295.9
296
296
296.4
297.2
297.3
297.6
298.1
298.5
299
299
299.2
299.6
300
300.2
300.3
300.5
300.9
301
301.1
301.2
301.4
301.7
301.9
302.2
302.3
302.8
303.1
303.2
303.3
303.3
303.4
303.6
303.7
303.7
303.8
304.1
304.3
304.7
304.9
305.4
305.7
305.7
305.8
306.3
306.5
307.3
307.5
307.5
307.6
308.4
308.8
309.2
309.3
309.4
309.8
309.9
310.2
310.6
310.7
310.8
311
311.2
311.4
311.6
311.6
311.7
311.7
311.9
312.1
312.5
312.8
313.3
313.3
313.5
313.9
314
314.1
314.4
314.4
314.8
314.9
314.9
315.2
315.4
315.7
316.1
316.2
317
317.6
317.6
317.7
318
318
318.1
318.1
318.1
318.2
318.5
318.9
319.2
319.2
319.5
319.5
319.7
320.1
320.2
320.6
321.6
321.8
321.9
322.1
322.2
323
323.1
323.1
323.4
323.9
324.1
324.2
325.2
325.2
325.2
325.4
325.7
326.6
326.6
326.8
327.1
327.1
327.2
327.4
327.6
327.7
327.9
328.2
328.6
328.8
328.9
328.9
328.9
328.9
329
329.3
329.3
329.4
329.4
329.5
330.2
330.3
330.4
330.6
330.7
330.8
330.8
331.2
331.2
331.5
331.6
332.1
332.1
332.5
332.8
332.9
332.9
333
333.2
333.5
333.6
333.7
333.7
333.9
334.1
334.3
334.3
334.6
334.6
334.7
334.8
334.8
334.8
334.8
335
335.2
335.3
335.5
335.7
335.9
336.1
336.8
337.2
337.4
337.6
337.6
337.8
337.9
338
338.1
338.2
338.4
339
339
339.4
339.6
339.9
341
341
341.1
341.2
341.3
341.5
341.8
342.1
342.2
342.9
343
343.3
343.3
343.8
344
344.1
344.6
344.7
344.8
345.3
345.8
345.9
346
346.4
346.4
346.7
347.9
348.2
348.2
348.7
349.5
349.5
349.6
349.6
349.7
350
350
350.2
350.2
351.1
351.2
351.4
351.4
352
352.1
352.5
352.7
353.4
353.5
353.7
353.8
354.1
354.2
354.4
354.4
355
356
356.6
356.8
356.8
357.1
357.1
357.5
357.7
358
358.9
359
359.2
359.7
359.8
359.8
360.1
360.3
360.4
360.6
360.6
361.4
361.6
361.6
361.7
361.7
362.2
362.7
363.1
363.1
363.2
363.2
363.6
364
364.7
365
365
365.1
365.2
365.5
365.9
365.9
366.1
366.9
367.1
367.3
367.3
367.6
367.8
368.5
368.6
368.7
368.8
369.7
369.7
369.7
369.8
369.8
370
370.2
370.6
370.9
371
371.5
371.8
372
372.6
373.4
374.1
374.2
374.2
374.3
374.6
374.8
375.5
375.5
375.9
376.1
376.2
376.4
377.1
377.2
377.2
377.4
377.5
377.7
377.9
378.1
378.1
378.6
378.8
379.5
379.5
380.5
380.6
380.6
380.8
381
381.1
381.2
381.6
382.5
382.5
382.7
382.8
382.9
383
383
383.4
383.6
383.8
384.6
384.8
384.9
385
385.3
385.4
385.5
385.7
385.7
385.7
386.9
386.9
387
387.1
387.9
388
388.5
388.7
388.8
388.9
389.1
389.2
389.3
389.3
389.4
389.4
389.4
389.5
389.7
390.5
390.8
391.3
391.3
391.4
392.3
393.4
393.4
393.8
393.8
393.9
394.2
394.2
394.3
394.3
394.7
395.3
395.5
395.6
395.7
395.9
396.3
396.3
397.1
397.5
397.5
398.1
398.2
398.5
398.7
398.9
399
399.2
399.8
400
400.2
400.7
400.9
400.9
401.1
401.1
401.2
401.3
401.4
401.9
402.3
402.4
402.6
402.8
402.8
403
403.1
403.1
403.2
403.4
403.4
403.6
403.8
403.8
404
404.4
404.5
405.3
405.5
405.6
405.9
406.5
406.5
406.9
407.4
407.5
407.5
407.8
407.8
408
408.1
408.2
408.4
408.7
408.7
409
409.1
409.1
409.3
410
410
410.2
410.3
410.4
410.5
410.7
411
411.5
411.5
411.7
411.7
411.7
412.6
413.3
413.4
413.7
414
414
414.1
414.4
414.5
415.1
415.4
415.5
415.6
416.5
416.6
416.7
416.9
417.1
417.2
417.3
417.7
418.1
418.3
419.7
419.7
419.8
419.8
420
420.2
420.3
420.4
420.4
420.5
421.1
421.2
421.3
421.3
421.6
421.7
421.7
421.9
421.9
422
422.1
422.9
422.9
423.6
423.8
423.8
424.6
424.6
424.7
425.1
425.3
425.4
425.6
425.6
425.7
425.8
425.8
426.4
426.6
427.1
427.8
427.9
427.9
428.4
428.6
428.8
429.6
430
430.3
430.8
430.9
431.3
432
432
432
432.1
432.6
432.7
432.8
433
433.1
433.1
433.8
434
434.3
434.3
434.4
434.4
434.5
434.7
434.8
435
435.2
435.7
435.7
435.8
436.2
436.7
436.9
437.1
437.6
438.3
438.9
439.1
439.5
439.8
439.9
440.9
441
441.2
441.3
441.6
442.1
442.6
442.6
442.7
443.1
443.1
443.1
443.6
443.7
443.7
444
444.3
444.5
444.5
445
445
445.3
445.5
445.6
445.8
445.8
446.5
446.6
446.9
447.6
447.7
447.8
448.1
448.6
448.6
449.1
449.1
449.3
450.4
450.5
450.8
451.1
451.4
451.5
451.9
452
452.4
452.5
452.9
453.3
454.1
454.2
454.4
454.5
455.1
455.1
455.4
455.5
455.5
455.7
457.3
457.7
457.8
458.2
458.3
458.3
458.6
458.6
458.7
458.9
459.4
459.6
459.7
459.8
459.9
460
460
460
460.2
460.9
461.1
461.5
461.5
461.6
462.1
462.8
462.8
464
464.4
465.4
465.6
465.8
466
466.3
466.3
466.3
466.4
466.5
467.2
467.4
468.1
468.2
468.8
469.1
469.2
469.5
470
470
471.1
471.4
471.7
471.8
472.1
472.2
472.6
472.8
473
473.2
473.6
473.7
474
474.3
475.3
475.6
476.1
476.1
476.1
476.2
476.6
476.8
477.6
477.8
477.9
478.4
478.5
478.6
479.4
479.5
479.7
480.1
480.2
480.2
480.9
481
481.2
481.3
481.4
481.5
481.5
481.5
481.9
482
482
482.2
482.4
482.5
482.8
483.9
483.9
484.1
484.2
484.5
484.6
484.6
484.7
484.9
484.9
485.3
485.4
485.5
485.6
486
486.4
487
487.2
487.8
488.6
488.8
489.4
489.4
489.6
489.7
490.1
490.1
490.1
490.1
490.2
490.8
490.8
490.8
491.2
491.5
491.6
491.7
492.2
492.4
492.6
492.7
492.8
493
493.6
493.9
494.3
494.3
494.4
494.5
494.7
494.9
494.9
494.9
495.1
495.5
495.5
495.7
495.9
496
496.2
496.6
496.7
497.1
497.5
497.8
498.8
499
499
499.1
499.3
499.3
499.4
499.4
499.5
499.5
499.7
500
500.1
500.2
500.6
501
501.1
501.2
501.2
501.4
501.5
501.5
502.1
502.1
502.2
502.3
502.5
502.6
502.8
503.3
504.3
504.6
504.9
505
505.1
505.3
505.3
505.4
505.9
506.2
506.6
506.6
508.2
508.2
508.2
508.5
508.6
508.7
509.1
509.3
509.3
510.1
511.3
511.5
511.8
511.8
512.3
512.4
512.8
512.9
513
513.2
513.8
513.8
513.9
514
514.3
515.7
516.1
516.6
516.8
517.1
517.1
517.1
517.2
517.4
517.6
518.1
518.2
518.3
518.5
518.5
518.6
519.2
519.2
519.4
519.5
519.8
519.9
520
520.2
520.2
520.4
520.9
521
521.1
521.4
521.8
523.1
523.2
523.8
524
524
524.5
524.5
524.9
525
525.4
525.4
525.4
525.5
525.7
525.8
525.9
526.5
526.9
527.7
527.7
528
528.2
528.2
528.3
528.4
528.5
528.8
529
529.1
529.3
529.3
529.6
529.9
530.2
530.7
530.8
531.3
531.7
532.1
532.6
532.8
532.8
533
533
533.1
533.2
533.5
533.8
533.9
534.1
534.2
534.3
534.5
534.8
534.8
534.9
535.6
536.1
536.4
536.4
536.6
536.6
536.7
536.8
536.9
536.9
537.6
537.8
537.9
538
538
538.1
538.2
538.4
538.4
538.4
538.5
538.6
538.8
539.1
539.5
539.6
539.6
539.8
539.9
540.1
540.4
540.4
540.5
540.5
540.7
541.3
541.8
542
542
542.2
542.3
542.4
542.7
543.1
543.1
543.2
543.3
543.4
543.6
543.8
544
544.2
544.3
544.6
544.8
545.1
545.1
546.2
546.4
546.5
546.7
547.1
547.3
547.8
547.8
548.3
548.6
548.6
548.6
548.7
548.9
549.2
550.1
550.1
550.2
550.3
550.5
550.7
551.1
551.4
551.6
551.7
552.1
552.1
553.2
553.2
553.4
553.7
553.7
554.1
554.3
554.4
554.7
554.8
555.2
555.3
555.4
556
556.1
556.4
556.8
557
557.6
557.7
557.8
558.3
558.6
558.7
559
559
559.4
559.5
559.6
559.7
560.2
560.3
560.6
560.7
560.8
561
561.2
561.3
561.7
562
562.2
562.6
562.7
562.8
563
563.2
563.4
564.2
564.4
564.5
565.1
565.3
565.7
565.7
565.9
565.9
566
566.2
566.4
566.4
567.4
567.4
568.8
568.8
569
569
569.2
569.3
569.8
569.8
569.9
569.9
570.7
570.7
570.8
571.7
572.7
573
573.1
573.2
573.2
573.7
573.8
573.8
574
574.3
574.6
574.9
575
575
575.1
575.1
575.9
576
576.1
576.9
577.1
577.1
577.2
577.5
577.9
578
578.3
578.5
578.6
578.8
578.9
579
579
579.3
579.6
579.7
579.7
579.7
580.1
580.5
580.6
580.7
580.8
581.1
581.3
581.6
582.3
582.8
583
583.3
583.5
583.7
584.5
584.6
584.7
585.5
585.7
585.7
585.9
586
586.4
586.6
587
587.6
587.8
587.8
588.1
588.4
588.6
589.6
589.7
589.8
589.9
590.1
590.1
590.9
591
591.4
592
592.1
592.1
592.3
592.9
594
594.1
594.2
594.2
594.3
594.3
594.4
594.5
594.6
594.7
594.9
595.8
595.8
596.1
596.1
596.1
596.5
597.7
598.1
598.5
598.6
598.7
598.7
599.1
599.8
599.9
600.6
600.6
600.7
601.2
601.3
601.5
602.1
602.3
602.4
602.9
603
603.1
603.2
603.6
603.8
603.9
603.9
603.9
604.1
604.4
604.8
604.9
605.2
605.4
605.6
605.8
606.1
606.6
606.6
606.9
607
607.3
607.7
608.5
609
609.1
609.6
610
610.2
610.6
610.7
610.7
611.2
611.3
611.3
611.5
611.6
611.6
611.7
611.8
612
612.1
612.1
612.2
612.8
613
613.1
613.3
613.4
613.9
614
615
615.7
616.2
616.2
616.4
616.5
616.5
616.7
617.1
617.7
618.1
618.4
618.5
618.9
619
619.5
619.6
619.9
620
620.2
620.3
621.8
621.8
621.9
621.9
622.8
623
623.9
624.2
624.6
625.2
625.4
626
626.1
626.1
626.3
626.7
627.1
627.1
627.5
627.6
627.7
628.1
628.1
628.8
629.1
629.7
629.8
629.9
630
630
630.4
630.5
630.8
630.9
631.2
631.4
631.4
631.4
631.7
632.4
632.5
632.6
632.6
632.7
633
633.4
633.5
633.8
633.9
634.2
634.6
634.8
635.3
635.5
635.7
635.7
635.8
636.1
636.2
636.6
636.7
636.7
636.7
636.8
637.1
637.4
637.4
637.7
637.7
638
638.2
638.3
638.3
638.6
638.8
639.6
639.8
639.9
640
640.2
640.3
640.5
640.8
640.9
641.9
641.9
642.1
642.6
642.8
643
643.2
643.5
643.7
643.7
643.9
644.1
644.3
644.6
644.7
644.8
644.8
644.9
645.3
645.4
645.4
645.4
645.5
645.8
645.8
645.8
646.2
646.3
646.5
646.7
646.7
647.1
647.2
647.2
647.2
647.2
647.7
648.2
648.6
650.3
650.5
650.6
650.8
650.9
651.3
651.3
651.4
651.4
651.5
651.6
652.4
652.7
652.7
652.9
653
653.4
653.5
653.5
653.9
654
654.1
654.3
654.4
654.6
655.3
655.4
656
656.4
656.5
656.7
656.8
656.8
656.9
657.2
657.2
657.6
657.8
658.6
658.8
659
659
659.1
659.1
659.3
659.9
660
660.1
660.2
660.2
660.5
660.7
660.9
661.1
661.3
661.4
661.4
662.3
662.4
662.7
662.8
663
663.2
663.4
664
664.1
664.4
664.5
664.9
665.5
666
666.4
666.8
667
667.1
667.7
667.9
668.2
668.2
668.2
668.2
668.3
668.5
668.5
668.5
668.6
668.6
668.7
669
669.2
670
670.1
670.4
670.9
671.2
671.2
671.2
671.3
671.4
671.4
671.5
671.7
671.7
671.8
671.9
671.9
672
672.2
672.4
672.5
673.4
673.5
673.5
673.8
674
674.5
674.6
674.7
674.8
674.8
674.8
674.9
675
675.3
675.7
676.1
676.4
676.4
676.5
676.6
676.8
676.8
677.4
677.8
677.9
678
678.5
678.5
678.9
679
679.3
679.8
680
680.5
680.9
681.1
681.4
681.6
681.7
681.8
682.1
682.3
682.5
683.1
683.2
683.6
684
684.2
684.4
684.5
685.1
685.5
686.1
686.1
686.5
687.1
687.2
687.3
687.3
687.6
687.6
687.6
687.6
687.9
688.1
688.3
688.5
688.6
688.9
689
690
690.1
690.2
690.2
690.5
690.7
690.7
690.8
691
691.1
691.6
691.7
691.9
691.9
692.1
692.3
692.4
692.9
694
694.5
694.7
694.7
694.9
695.1
695.5
695.6
696.5
696.9
697.2
697.4
697.5
697.6
697.6
698.4
698.7
698.9
699.5
699.6
699.6
700
700
700.5
701.6
702
702.4
702.5
702.8
702.8
703.2
703.2
703.3
703.5
703.8
704.1
704.2
704.3
704.3
704.4
704.7
704.9
704.9
706.1
706.2
706.2
707.5
707.7
707.8
707.8
708.2
708.3
709
709.1
709.2
709.3
709.4
709.6
709.8
710.5
710.6
710.7
710.7
710.8
710.8
711.5
711.9
712.5
712.6
712.8
712.9
713
713
713.1
713.1
713.3
713.4
713.6
713.6
713.7
713.9
714.1
714.1
714.2
714.2
714.2
715.1
715.1
715.3
715.5
715.9
716.4
716.4
716.5
716.5
716.6
716.8
717
717.2
717.2
717.4
717.7
718.3
718.6
718.7
718.7
718.7
719.1
719.1
719.4
719.5
719.7
719.8
720.3
721.3
721.5
721.6
721.6
721.7
722.1
722.2
722.3
722.4
722.7
722.8
723.2
724.4
724.9
725.3
725.8
726
726.1
726.4
726.7
726.8
727.2
727.3
727.9
727.9
728.1
728.1
728.5
728.8
728.9
729
729.1
729.3
729.4
729.4
729.8
729.9
729.9
730.1
730.1
730.3
730.9
731.2
731.5
732.2
732.3
732.5
733.2
733.3
733.7
734
734.1
734.2
735.8
735.9
735.9
736.5
736.5
736.7
736.8
737.7
738
738.2
738.8
739
739.6
739.8
740.3
740.5
740.5
740.6
740.7
741.7
741.8
742.1
742.7
742.8
742.8
742.9
743.1
743.1
743.3
743.6
743.6
743.7
743.9
744
744.1
744.1
745.3
745.3
745.7
745.8
745.8
745.9
746.4
746.7
746.8
747.2
747.2
747.7
747.7
747.8
747.9
748
748.3
748.8
748.9
749
749.1
750.3
750.6
750.6
750.6
750.8
751.1
751.3
752.1
752.1
752.4
752.5
752.5
752.6
752.6
753.2
753.3
753.4
753.4
753.4
753.4
753.5
753.6
754.1
754.1
755.7
756.1
756.8
756.9
757.6
758.4
758.4
758.5
758.8
759.4
759.6
759.7
760.8
761
761.3
762
762.5
762.7
763
763.4
763.6
763.7
763.7
763.9
764
764.3
764.9
765.6
765.8
765.8
766.8
766.9
766.9
767.6
767.8
768.3
768.5
769
769.1
769.1
769.6
769.6
769.6
770.3
770.4
770.8
770.9
771
771
771.1
771.3
771.5
771.6
772.1
772.3
772.6
772.7
772.8
773
773.4
773.6
774.1
774.2
774.6
774.9
775.4
776
776.1
776.3
776.7
776.7
777.1
777.7
778
778.1
778.3
778.3
778.3
778.4
778.6
778.8
779.2
779.4
779.5
779.6
779.7
780
780.2
780.8
780.9
781
781
781
781.3
781.8
781.9
781.9
782
782.1
782.2
782.5
783.2
783.2
783.6
783.7
784.2
784.3
784.8
784.9
785.1
785.1
785.1
785.8
786.1
786.9
786.9
787.3
787.5
787.7
787.8
788
788.3
788.5
788.9
789.4
789.4
789.6
789.7
789.9
790
790.2
790.2
790.6
790.7
791
791.1
791.5
791.5
791.6
791.7
791.9
792.1
792.8
793.1
793.4
793.5
793.6
793.9
795.3
795.5
795.6
795.7
795.7
796
796.1
796.2
796.2
796.3
796.3
796.4
796.5
796.6
796.8
796.9
796.9
797.2
797.5
797.7
798.4
798.5
799
799.1
799.1
799.2
799.2
799.3
799.6
799.9
800.2
800.6
800.6
801.1
801.1
801.3
801.4
801.9
802.1
802.1
802.2
802.4
802.7
802.7
802.8
802.8
803.1
803.1
803.5
803.6
804
804
804
804.1
804.8
804.9
805.3
805.4
805.6
805.9
806
806.8
807.2
807.8
807.9
808.1
808.1
808.2
808.5
809.3
809.6
809.6
809.6
809.7
809.8
810.3
810.5
810.6
810.8
811.2
811.4
811.7
811.8
811.8
812
812
812.4
812.5
812.5
812.7
812.8
813
813
813.3
814
814
814.5
814.7
814.9
815.2
815.3
815.4
815.4
815.8
816.3
816.4
816.4
816.7
816.8
817.1
817.1
817.3
817.7
817.8
817.9
818.3
818.3
818.8
818.9
819
819
819
819.1
819.4
819.6
819.8
820.7
821
821.6
822.1
822.7
823
823.6
823.7
824.1
824.2
824.4
824.6
824.8
824.8
825
825
825.3
825.9
826.8
827.1
827.2
827.3
827.4
827.9
828.2
828.2
828.3
828.4
828.5
828.6
828.7
828.8
829
829
829.1
829.7
829.7
829.8
829.9
830
830.6
830.7
830.7
830.7
831
831.5
831.6
831.6
831.9
832
832.7
833
833.1
833.3
833.6
833.7
833.8
834.5
834.5
834.8
835.9
836.2
837.2
837.3
837.4
837.7
838.1
838.2
838.5
838.7
838.7
838.8
839.1
839.2
839.5
839.6
839.6
839.6
839.8
840.4
840.8
842.5
842.8
843.1
843.1
843.5
843.5
843.6
844.1
844.2
844.5
844.5
844.6
844.6
845
846.2
846.4
847.2
848.1
848.3
848.6
849
849.1
849.3
849.3
849.3
849.5
849.5
850.4
850.4
851.3
851.3
851.5
851.5
851.6
852
852.7
852.9
853.3
853.4
853.5
853.8
853.8
853.9
854
854.1
854.3
854.4
854.5
854.5
854.6
854.8
855.3
856
856.2
856.6
856.6
856.6
856.6
856.8
856.8
856.9
857.2
857.3
857.8
857.8
858.2
858.2
858.8
858.8
859.4
859.6
859.6
859.7
859.8
860.3
860.3
860.7
860.8
861.3
861.5
861.7
861.8
862.4
862.6
862.7
863.1
863.5
863.6
863.8
863.9
864.2
864.5
864.5
864.7
864.7
865.5
865.9
866.2
866.2
866.3
866.3
866.9
867.1
868.3
868.4
868.5
869.2
869.2
869.3
869.6
869.7
869.7
869.9
870
870.4
870.7
870.7
871
871.1
871.5
871.5
872
872.5
872.5
873.6
873.8
874.7
874.8
875.2
875.3
875.3
875.5
876.1
876.2
876.2
876.3
876.3
876.4
876.4
876.6
876.7
877
877.1
877.5
877.7
878.3
878.6
878.7
879.1
879.3
879.8
880.3
880.5
880.7
880.8
881
881
881.2
881.5
882
882.3
882.8
883
883.3
883.5
883.7
884
884.2
884.2
884.3
884.4
884.4
884.4
884.7
885.2
885.2
885.8
885.8
885.8
886.4
886.9
887.1
887.4
888.1
888.2
889.1
889.5
889.7
890.1
890.1
890.2
890.2
890.3
890.4
890.6
890.9
891.3
891.8
892.1
892.3
892.6
892.7
893.1
893.5
893.6
893.6
894.9
895
895
895.4
895.4
896
896.3
896.5
897
897.3
897.5
898.4
898.5
899.2
899.4
899.7
899.8
900
900.1
900.2
900.3
900.6
900.8
901
901.1
901.2
901.2
901.2
901.3
901.5
901.5
901.5
901.6
901.8
901.9
902
902.1
902.1
902.2
902.7
902.8
902.8
902.9
903.3
903.9
904
904
904.7
905.2
905.4
905.4
905.4
905.5
905.7
905.7
905.7
906.5
906.5
906.8
907.1
907.4
907.5
908.1
908.8
908.9
909.1
909.1
909.7
910.1
910.2
910.3
910.4
910.5
911.1
911.2
911.2
911.6
911.8
911.9
912.2
912.2
913.3
913.5
913.5
913.7
913.8
914
914.3
914.3
915
915
915.3
915.9
915.9
916.4
917.2
917.8
918.1
918.5
918.6
919
919.1
919.1
919.2
919.4
919.6
919.6
919.8
920
921.3
921.6
921.8
922.6
922.9
923.1
923.6
923.7
923.9
924.4
924.4
924.9
924.9
924.9
926.1
926.1
926.5
926.6
927
927.1
927.3
928
928.1
928.9
929.1
929.6
929.6
929.8
930.1
930.1
930.8
931
931.8
932.3
932.5
932.8
932.9
933
933.1
933.4
933.7
933.9
934.1
934.2
934.3
934.5
935.2
935.5
935.7
935.8
936.7
937.8
938
938.2
938.4
938.7
938.7
938.7
938.7
939
939.5
939.6
940.5
940.8
941.1
941.4
941.4
941.7
942.1
942.1
943
943.6
943.9
944
944
944.3
944.3
944.5
944.5
944.7
945
945.6
945.7
945.8
946.1
946.3
946.5
946.6
946.8
947.2
947.5
947.5
947.5
947.6
947.9
947.9
948.1
948.6
948.6
948.8
949.1
949.1
949.4
949.6
949.7
949.8
950
950.3
950.6
950.6
950.6
950.8
950.9
951.1
951.1
951.4
951.8
952.3
952.6
952.9
953.1
954.1
954.2
954.2
954.2
954.5
954.6
955
955.6
955.7
956.1
956.6
956.8
956.9
957.6
957.6
957.6
957.9
958
958
958.3
958.6
958.6
959
959.2
959.7
960
960.1
960.4
960.7
960.9
961
961.3
961.9
961.9
962.1
962.1
962.2
962.4
962.4
962.5
962.8
963.2
963.4
963.6
964
964.1
964.2
964.2
964.3
965
965.2
965.3
965.6
965.7
966
966.2
967.1
967.2
967.6
967.6
967.7
967.7
967.8
968.6
969.1
969.5
969.8
970.2
970.3
970.5
970.7
970.8
970.8
970.8
970.9
970.9
971.2
971.3
971.7
971.9
972
972.5
972.7
973.2
973.3
973.3
973.6
974
974.4
974.7
974.9
975.8
975.8
975.9
976
976.2
976.3
976.4
977
977.3
977.6
977.7
977.8
978.9
979
979.7
979.7
980
980
980.3
980.3
980.3
980.3
980.5
980.5
981
981.1
981.1
981.3
981.4
981.7
982.2
982.3
982.7
983
983.7
983.9
984.4
984.8
985.1
985.2
986.3
986.7
986.8
987
987.5
987.6
987.7
987.7
987.8
987.9
987.9
988
988.4
988.5
988.9
988.9
989.3
989.5
989.8
989.8
991.4
991.4
991.8
991.9
992.5
992.8
992.8
992.8
993
993.3
993.7
993.8
994.2
994.3
994.3
994.6
994.8
994.8
994.8
995.3
995.4
995.4
996
996
996.1
996.7
996.9
997.1
997.8
997.8
999.2
999.5
999.6
999.7
999.8
