315.7
302.1
793.6
796.0
283.6
750.2
471.5
605.3
142.2
535.0
830.6
777.5
697.9
61.9
934.7
517.0
927.9
846.8
51.3
984.7
300.1
421.1
331.2
864.9
890.7
800.6
123.6
261.5
816.9
571.5
611.7
996.7
78.7
859.2
317.0
622.4
731.5
771.3
98.4
983.3
303.8
626.7
677.3
655.2
1.1
747.7
598.9
628.3
322.9
492.3
344.7
541.6
840.1
168.6
20.1
953.5
620.7
949.2
428.3
766.0
124.5
126.7
712.4
67.3
585.7
770.5
21.4
831.1
642.6
83.3
713.4
255.1
528.2
952.4
912.8
963.6
273.9
883.1
298.8
921.4
317.0
428.6
530.2
369.1
299.4
932.1
857.7
464.3
933.4
619.6
729.5
638.1
520.1
139.8
138.3
359.4
645.1
307.6
657.6
525.3
490.0
237.0
964.8
109.7
722.6
647.4
311.3
670.8
81.6
886.2
242.5
109.4
913.2
886.1
248.2
995.8
343.9
459.5
146.0
509.0
695.8
604.0
226.0
499.4
228.1
755.6
57.7
850.2
681.3
590.3
753.8
195.1
667.8
937.9
579.7
777.3
404.6
697.9
802.0
590.3
145.6
786.7
22.6
823.5
725.8
715.0
987.1
100.3
252.1
645.6
576.0
49.9
849.7
79.2
40.8
895.3
696.7
429.5
251.4
59.0
269.6
428.3
62.2
710.8
875.3
735.3
207.3
948.4
246.7
237.1
698.0
925.5
498.1
1.7
615.1
79.5
753.5
73.9
922.4
746.6
224.6
0.6
449.0
426.8
491.8
604.7
674.2
681.6
381.2
1.4
890.9
195.7
833.3
940.5
647.0
24.8
972.2
104.2
343.0
157.2
0.3
484.5
926.9
491.4
858.0
562.9
380.5
974.7
613.7
114.9
77.4
79.7
5.0
654.2
991.3
371.9
101.6
356.1
248.1
401.8
194.8
463.8
757.9
312.5
181.0
398.9
956.2
8.9
197.8
595.0
99.7
788.0
338.0
805.4
262.8
22.7
563.2
886.1
757.3
290.3
306.4
998.0
324.4
162.5
562.2
350.9
738.3
457.1
240.1
126.9
962.3
448.5
127.9
424.1
253.6
84.7
738.5
226.1
821.9
150.8
638.3
912.0
507.1
145.8
781.1
719.0
403.9
568.9
29.9
772.1
875.6
125.9
678.0
571.1
687.0
907.0
408.7
984.3
144.7
413.5
387.7
626.6
472.8
61.4
92.0
338.2
160.0
102.3
79.9
161.8
459.3
322.2
536.4
375.2
680.6
613.4
464.5
61.8
891.6
96.6
126.9
868.2
708.5
495.9
267.0
299.9
807.4
611.2
205.3
301.6
515.8
584.1
870.7
648.0
747.1
632.8
850.0
815.5
416.4
807.3
860.9
394.7
701.6
477.7
513.4
153.2
881.2
727.6
443.0
348.8
656.1
422.8
504.7
974.9
314.1
30.5
921.1
29.8
475.9
952.0
771.6
964.5
306.0
929.9
937.1
601.3
138.5
705.7
8.5
79.0
268.4
717.5
426.3
661.6
763.9
254.3
507.9
101.0
222.4
639.8
87.6
182.6
241.4
514.6
266.0
506.0
205.7
444.3
870.1
689.4
563.2
460.5
1.3
181.5
821.7
560.0
381.3
811.4
150.6
905.3
862.6
504.9
652.6
810.1
431.1
386.7
941.3
373.5
678.9
155.0
967.1
653.4
451.8
314.4
575.3
189.5
364.0
729.7
971.5
904.6
500.3
664.5
96.3
583.5
944.9
384.0
517.5
670.5
449.7
689.6
133.3
239.2
21.8
780.0
585.8
373.1
453.0
74.4
988.8
938.9
960.3
867.2
229.9
154.7
439.7
344.4
968.5
646.5
599.5
594.7
54.2
890.0
578.6
112.4
712.8
847.1
30.2
549.4
696.9
138.2
469.9
560.7
593.2
99.3
11.9
282.7
234.2
615.2
147.3
379.7
198.1
206.5
211.1
710.1
39.2
677.7
803.1
24.0
582.6
469.3
922.8
597.9
349.4
267.6
185.2
651.0
437.4
934.9
773.8
573.6
48.2
388.3
153.9
833.7
113.7
493.1
210.9
467.1
151.6
822.8
858.0
576.8
790.4
744.9
438.9
467.7
509.5
374.1
216.5
723.5
960.7
627.9
437.8
691.1
528.3
49.1
87.9
977.9
679.7
139.5
372.6
199.5
877.8
300.5
598.4
837.1
965.9
582.1
145.4
709.4
968.5
204.7
241.7
318.9
361.7
576.7
729.3
378.5
903.5
782.7
428.9
192.3
799.2
166.9
560.7
138.1
487.6
102.5
670.3
936.4
692.8
374.5
108.9
323.3
405.4
67.5
515.8
979.5
502.5
372.9
425.3
234.4
238.7
816.4
872.9
111.5
592.7
38.9
325.3
227.6
334.6
819.1
881.3
263.4
642.4
56.6
396.3
124.0
667.2
441.6
397.3
226.0
350.8
936.7
643.7
690.9
938.3
32.5
0.4
820.1
690.5
258.9
577.5
113.6
591.3
98.8
175.7
609.1
84.7
387.8
312.7
719.4
65.2
487.5
559.1
225.5
416.4
112.3
359.9
913.5
427.7
931.5
652.0
694.1
212.1
503.3
27.5
195.9
395.9
691.1
997.5
534.1
420.1
245.0
744.4
107.9
350.4
107.1
958.5
855.5
284.8
958.5
700.8
173.7
976.2
705.3
900.7
908.7
900.3
71.2
788.1
687.4
975.9
819.1
436.4
804.3
150.9
373.2
923.1
350.9
616.6
620.2
371.9
683.3
657.4
726.6
689.3
286.3
912.0
514.5
646.9
966.5
25.0
239.4
808.8
293.4
563.9
10.3
426.3
66.4
787.8
212.9
632.6
712.9
672.9
969.0
364.0
637.6
189.1
226.4
380.7
515.6
290.0
779.9
65.2
442.1
522.1
478.4
17.4
644.3
62.1
911.3
814.0
984.6
753.5
334.5
877.6
632.1
707.5
321.4
504.0
834.9
391.8
271.5
228.9
939.5
492.4
397.4
204.3
887.1
199.6
588.7
292.6
203.1
719.4
281.8
175.7
371.2
520.6
124.8
26.1
788.8
201.2
970.4
654.1
563.7
70.5
500.3
530.1
660.4
903.4
869.4
190.6
661.0
103.7
64.5
993.3
864.2
261.2
967.1
36.7
404.7
742.0
141.4
477.1
308.2
361.3
317.5
413.3
647.1
234.5
441.8
91.9
942.8
112.7
748.2
439.6
210.2
423.1
72.6
239.9
163.7
799.5
113.0
389.1
449.9
3.8
559.1
30.9
439.1
490.2
696.8
629.4
652.0
689.5
180.2
598.0
344.1
520.1
768.5
644.4
829.2
168.9
51.6
972.7
179.5
964.5
452.6
359.1
578.9
645.4
306.1
92.4
380.8
891.1
50.0
619.6
184.3
19.4
805.9
524.4
929.7
236.8
447.8
598.4
709.5
297.8
617.9
936.9
671.8
882.7
56.5
43.4
93.1
443.1
732.8
45.0
258.1
307.9
370.8
760.7
941.7
950.6
538.7
329.2
328.3
60.2
602.0
786.0
234.9
928.5
769.8
809.3
749.0
242.6
468.8
943.8
41.5
741.7
517.0
921.5
567.1
521.7
63.7
474.2
231.7
26.9
643.2
71.8
19.7
7.4
710.2
529.9
185.9
404.8
25.6
575.6
245.3
33.6
304.2
410.3
813.4
657.7
803.7
71.2
931.0
867.7
624.6
48.7
727.6
509.4
791.0
603.3
394.2
892.3
748.7
649.2
420.0
37.1
256.3
961.9
454.4
151.9
761.7
243.9
353.5
454.0
102.0
533.9
685.0
226.8
308.8
161.3
827.7
518.0
571.5
645.3
428.4
554.4
930.2
378.1
231.0
9.7
735.0
877.4
431.0
531.7
687.2
897.4
986.1
980.2
500.5
707.1
868.4
603.7
730.4
861.1
98.0
469.8
25.4
59.6
583.9
367.4
614.2
25.3
491.9
439.7
658.5
715.7
734.1
660.1
18.7
316.5
633.1
265.2
29.9
792.9
38.3
895.1
609.7
697.6
107.1
208.9
382.7
453.1
788.6
916.5
673.6
887.0
158.0
127.7
130.7
162.3
28.9
105.5
679.5
209.0
941.3
965.1
31.4
618.5
267.1
163.0
600.5
630.6
398.8
918.3
201.8
10.9
728.5
54.3
625.6
609.4
807.0
455.2
526.2
192.8
286.4
257.7
262.4
49.9
723.5
262.4
674.3
161.0
954.4
935.2
502.1
929.6
161.1
255.6
274.3
305.7
595.2
654.9
844.1
400.8
373.0
223.3
700.7
349.9
396.3
698.6
927.5
882.6
796.8
75.1
708.8
835.0
354.6
410.3
90.1
387.0
532.8
857.6
992.2
64.6
683.6
969.9
235.4
394.0
752.8
389.3
820.6
344.3
364.1
877.4
231.8
163.7
254.5
588.5
285.3
704.5
554.8
131.2
859.1
842.9
636.6
572.7
321.1
374.4
833.6
775.2
60.4
326.7
6.0
208.7
340.9
191.9
150.0
471.6
182.5
355.2
465.4
527.5
251.5
919.2
608.9
888.3
392.0
997.9
122.6
38.5
404.8
124.4
562.8
807.2
149.5
203.0
966.7
296.9
372.5
954.6
946.4
137.6
764.1
209.5
651.5
532.7
822.5
318.2
444.4
90.6
728.7
948.0
436.7
982.2
769.7
134.7
742.4
200.9
807.3
440.3
208.6
443.5
354.1
39.6
932.7
800.2
910.5
60.5
115.7
753.0
253.7
333.0
301.2
663.8
874.7
924.5
121.1
660.8
159.0
766.0
500.4
553.2
176.2
229.6
882.6
145.2
958.1
406.8
566.4
636.2
109.8
340.2
824.1
597.0
814.0
963.1
561.2
261.4
565.7
126.4
25.0
294.5
740.2
657.8
122.9
369.3
447.0
48.5
691.3
808.1
222.8
774.3
637.0
740.2
910.5
334.8
937.6
864.4
16.3
838.3
728.0
172.8
312.1
927.4
202.5
140.4
544.9
327.2
192.4
798.0
763.4
727.2
722.4
887.1
226.8
685.0
18.7
191.9
690.4
771.3
14.0
808.9
731.4
966.3
794.8
915.2
467.7
552.8
587.7
764.0
529.6
615.5
261.7
169.0
282.4
355.2
654.0
326.0
992.1
948.2
953.1
100.2
158.3
577.7
149.2
189.1
949.0
794.4
443.9
913.0
891.8
903.6
596.6
109.0
326.2
279.4
56.6
959.4
997.2
18.3
431.8
691.4
696.2
303.2
116.7
833.1
267.5
855.7
413.5
565.1
454.3
952.9
125.5
701.6
400.8
539.8
866.3
399.1
304.1
743.9
776.7
168.0
490.9
867.7
859.1
542.8
960.5
104.1
361.9
599.8
806.0
21.5
990.5
39.2
333.7
856.7
789.4
758.5
897.4
44.9
558.1
880.5
611.8
157.9
67.5
59.9
680.5
558.0
282.2
405.5
832.1
675.1
470.7
275.8
80.1
472.8
310.0
555.2
736.6
913.9
260.9
251.6
509.7
463.2
862.8
119.8
408.0
609.9
233.3
687.2
654.7
920.0
785.3
143.0
222.2
458.9
59.4
246.1
342.1
728.1
724.1
175.0
158.4
353.8
134.6
867.9
796.2
909.5
602.2
748.7
678.0
562.8
225.9
411.2
179.4
98.7
801.5
860.4
738.0
514.0
943.9
445.9
937.7
869.1
943.5
379.5
503.7
439.6
461.6
948.8
347.7
763.7
368.8
830.9
291.7
918.9
761.1
726.0
998.7
218.1
241.1
338.1
354.0
523.9
576.0
424.5
198.4
365.5
407.2
804.5
522.7
604.8
871.2
775.7
226.0
354.2
495.3
994.9
215.9
229.6
786.6
239.7
574.3
758.9
6.0
872.0
390.2
364.1
422.5
22.1
358.5
359.7
649.5
620.9
21.1
653.9
482.6
89.0
104.9
16.0
430.9
649.9
112.5
134.6
281.8
501.2
154.7
759.5
521.8
246.0
805.7
875.7
928.0
38.1
447.9
426.9
815.9
887.6
696.1
834.2
878.0
306.6
165.0
604.9
101.1
810.8
550.8
191.8
30.7
750.5
280.6
724.1
240.3
402.5
941.7
136.1
589.0
367.3
967.5
853.0
485.6
542.0
801.8
577.4
633.2
185.4
78.6
93.9
121.4
379.1
367.6
856.3
431.6
210.2
393.1
682.1
714.6
276.1
125.9
225.6
924.0
671.8
799.0
471.6
820.2
528.7
823.8
562.5
596.2
965.6
299.6
483.1
467.4
139.4
883.2
79.4
29.9
369.1
195.4
241.5
334.8
466.1
413.3
38.7
611.3
287.3
333.2
864.4
298.4
931.9
155.4
764.0
716.1
733.6
276.3
467.5
306.4
570.9
496.8
517.0
949.9
504.3
629.4
649.4
932.2
444.2
348.0
582.5
394.4
124.5
375.4
198.3
14.9
118.3
225.8
677.4
489.6
936.8
654.1
342.5
971.7
374.7
358.6
126.2
111.8
199.2
782.9
696.9
914.0
687.1
8.5
415.5
216.2
575.1
358.4
967.6
959.6
713.3
874.0
133.2
90.3
676.2
345.5
442.1
103.9
454.0
811.8
380.2
290.0
709.8
718.4
693.4
776.6
53.1
840.6
321.8
660.3
181.8
936.6
828.7
781.3
194.7
325.8
362.1
278.6
690.7
965.9
438.1
12.4
586.8
991.4
860.3
628.8
97.6
450.7
535.6
627.9
978.8
564.7
907.9
620.3
238.5
659.9
571.5
598.4
568.6
320.6
437.0
603.6
175.8
39.5
385.9
890.5
248.1
265.4
774.8
933.4
905.7
82.3
677.8
172.2
87.2
379.9
347.4
136.9
537.1
648.0
723.7
529.0
43.3
259.4
403.2
473.2
76.7
71.0
554.5
479.3
368.0
439.8
944.6
956.9
598.1
245.1
38.5
377.3
931.2
563.3
985.4
367.1
965.5
725.2
452.1
670.2
625.8
332.8
491.2
895.6
606.2
285.7
569.0
369.8
616.6
520.2
394.2
920.1
390.7
394.6
65.3
537.3
515.7
147.7
236.4
192.7
409.2
321.2
771.7
690.5
634.6
499.9
717.6
75.2
461.7
990.8
611.6
818.5
455.1
764.6
107.2
264.9
455.4
856.7
550.9
324.9
585.8
123.9
490.3
953.8
428.5
914.9
681.7
583.7
996.8
86.1
16.5
630.0
256.9
187.7
25.9
734.7
437.4
41.9
1.6
10.7
369.9
126.6
387.1
80.7
217.4
506.7
323.2
755.6
924.1
401.8
764.9
953.2
686.9
461.7
218.6
413.7
894.1
841.1
57.7
966.6
872.6
207.5
372.7
206.3
403.8
611.3
319.7
724.2
732.9
542.2
325.1
203.2
514.1
532.7
699.8
304.9
704.1
934.7
955.8
496.0
702.8
185.2
922.8
432.5
271.9
541.8
723.5
291.6
805.7
230.5
769.8
496.4
593.7
151.0
81.1
8.7
963.8
282.6
789.6
564.3
600.3
433.4
258.8
302.8
406.0
456.2
243.9
187.9
18.4
113.0
436.9
767.0
860.8
783.0
352.3
785.3
845.7
755.1
995.2
427.1
559.3
754.2
241.3
827.9
525.0
636.0
461.4
205.4
199.4
431.8
723.0
703.1
968.8
298.8
215.0
339.4
103.6
995.7
403.3
808.9
721.0
489.1
277.0
929.4
86.7
923.3
766.3
493.5
991.4
111.9
180.3
813.7
710.9
3.0
49.4
698.8
582.9
0.3
986.6
884.8
223.4
746.3
25.5
275.1
844.8
570.6
68.4
266.8
117.7
164.2
948.2
167.5
685.2
56.3
910.7
493.3
916.7
181.7
261.0
579.8
982.2
770.0
37.6
522.0
658.0
651.5
850.9
530.8
132.0
266.4
48.5
749.0
299.6
763.0
216.2
34.6
460.6
367.4
465.3
580.8
270.8
595.6
724.9
809.9
932.2
30.2
383.8
588.9
342.6
285.6
316.8
219.7
400.5
738.9
943.9
313.1
185.8
985.6
219.7
596.3
621.1
539.6
349.2
585.2
76.5
867.6
199.2
580.1
825.3
355.1
279.8
232.5
772.2
536.7
733.2
197.9
104.4
705.3
361.8
724.8
133.7
580.9
491.8
741.9
519.2
642.3
193.1
258.8
461.4
982.6
580.5
785.3
115.6
769.9
747.5
630.8
513.8
593.1
494.5
431.4
634.5
117.6
925.7
486.6
750.5
851.8
591.3
179.6
224.7
227.0
123.4
799.5
512.3
793.7
266.4
553.1
154.6
23.4
627.8
349.3
501.1
696.5
510.5
368.5
829.7
830.5
481.4
670.0
26.1
861.0
774.8
653.2
663.9
622.7
971.0
759.9
412.5
557.2
296.4
987.4
932.7
891.7
101.5
556.5
783.0
501.0
738.6
216.5
577.9
738.4
541.0
195.1
242.5
33.6
663.9
770.4
596.3
977.1
407.9
408.0
112.4
440.4
558.3
301.7
376.2
685.0
905.2
81.2
350.9
749.3
234.7
165.0
484.3
145.9
575.4
123.0
635.3
662.6
850.0
905.7
141.1
564.4
311.2
251.9
698.0
352.9
617.4
725.6
630.4
547.2
998.6
933.0
881.4
480.7
982.8
439.1
550.6
274.8
759.8
638.8
309.0
211.7
636.8
178.6
57.8
286.3
746.2
13.2
139.4
158.0
466.4
181.6
581.5
660.2
698.5
125.2
39.5
790.6
563.9
659.1
997.6
26.4
108.7
411.5
599.3
519.9
334.6
819.9
112.1
437.8
22.2
694.0
112.0
40.5
119.4
641.8
906.6
457.0
357.2
352.6
983.1
412.9
298.4
218.4
17.8
35.2
845.5
41.6
48.4
705.0
774.2
75.4
912.8
520.7
211.9
932.3
145.6
708.6
519.4
346.4
606.2
910.6
725.2
431.2
735.2
250.5
681.3
250.2
671.7
722.6
608.2
655.9
239.8
304.1
907.7
578.8
185.0
311.4
744.1
608.7
125.1
3.0
977.3
630.2
208.1
284.8
930.4
431.3
16.2
352.9
55.4
467.6
961.1
742.2
357.1
651.8
771.0
475.6
708.6
86.6
377.2
993.7
779.7
815.3
595.5
27.2
540.2
436.3
205.1
498.8
539.9
48.1
55.8
507.1
444.9
594.9
99.5
655.3
970.7
229.0
858.3
65.1
616.2
318.4
487.0
900.3
948.6
233.1
962.8
427.7
431.5
612.0
895.8
334.5
303.7
809.5
356.0
460.9
757.5
584.7
46.4
523.6
991.9
972.7
773.1
890.8
135.1
393.7
651.5
119.8
722.3
28.2
401.3
921.6
954.4
883.4
114.5
968.0
988.1
977.7
134.7
272.7
466.0
908.7
17.3
890.9
691.6
302.7
209.8
27.3
806.4
967.2
827.6
626.9
11.9
833.8
527.6
742.0
90.3
994.1
311.9
550.3
122.6
150.7
292.3
304.5
971.2
531.4
617.2
146.1
44.4
299.5
30.2
492.5
582.3
438.9
151.9
492.8
143.3
37.9
762.3
840.0
248.8
144.5
285.9
200.7
823.5
8.0
253.0
737.4
502.9
358.6
448.1
667.2
562.6
530.2
28.6
980.2
957.2
13.6
693.1
251.2
532.6
0.4
475.7
718.0
858.6
50.5
785.3
284.0
939.3
142.2
400.8
860.8
562.9
523.1
306.1
20.9
572.7
954.4
736.5
930.4
410.3
451.0
740.1
575.7
514.5
489.3
487.0
639.9
47.1
697.2
884.9
482.3
557.7
727.4
211.2
430.3
830.7
673.6
560.1
563.8
744.2
362.1
730.7
197.2
844.0
432.8
92.7
710.2
552.2
278.9
374.2
761.9
774.7
467.1
789.9
528.9
67.0
962.2
167.1
280.0
297.9
800.6
120.0
191.2
70.0
512.1
64.4
260.8
114.9
690.4
35.7
776.0
605.6
360.4
672.8
813.3
270.4
280.8
530.0
278.0
605.6
973.6
954.2
55.3
403.7
141.2
274.9
632.1
460.8
36.3
947.0
823.5
76.6
456.1
945.9
811.7
871.2
308.6
778.2
225.9
175.2
261.9
314.9
683.6
186.6
880.3
298.3
52.3
473.3
626.2
356.4
653.7
258.1
109.2
873.5
715.4
951.1
898.6
795.0
838.3
549.5
418.2
92.0
804.0
438.5
419.7
285.4
924.6
912.7
609.6
175.5
188.3
164.9
3.1
190.1
732.6
535.3
50.3
296.8
872.0
164.7
414.8
923.0
306.3
656.2
680.8
452.9
101.9
996.0
240.3
801.4
555.9
575.2
889.1
712.9
376.6
521.9
288.2
454.3
732.2
298.1
601.1
1.0
165.8
313.8
379.7
533.7
219.8
317.9
383.1
739.5
387.5
903.3
668.6
965.6
165.1
557.8
525.6
556.1
117.3
729.3
593.5
123.3
966.2
625.4
923.3
841.5
306.5
613.4
816.7
610.6
819.6
443.7
316.9
615.6
485.7
6.5
701.8
137.2
57.2
811.6
5.2
314.9
788.1
170.9
100.4
605.2
702.0
107.5
405.9
504.7
820.2
423.4
460.7
977.8
478.3
939.7
839.8
822.3
514.2
848.5
602.7
300.3
615.2
685.6
168.9
689.0
699.3
476.6
201.2
642.1
773.9
217.5
430.5
325.6
187.2
62.7
503.2
576.1
614.2
298.4
622.3
697.0
185.6
805.7
730.6
195.2
278.4
605.3
805.3
920.2
768.7
748.6
398.0
217.2
242.5
976.6
191.0
119.0
903.0
338.5
959.2
302.4
583.7
279.9
554.5
997.0
545.6
290.5
284.8
999.0
603.6
504.0
938.7
149.9
732.8
915.7
441.6
226.3
771.7
631.9
677.7
781.8
757.8
752.3
572.3
139.2
363.5
882.9
568.0
346.7
345.4
592.0
672.3
527.9
248.8
966.8
351.9
865.6
205.6
182.9
540.9
611.1
368.7
23.3
192.3
798.5
669.7
177.3
251.9
133.6
911.5
106.3
624.4
135.7
712.1
844.9
876.8
761.5
562.0
357.8
563.5
729.7
657.8
622.6
187.7
572.7
447.9
789.5
719.5
617.7
127.9
219.5
909.0
763.2
378.9
230.9
840.1
427.1
53.7
399.5
663.8
668.9
568.0
501.5
733.2
629.0
321.2
465.3
911.9
395.6
807.1
968.8
592.2
244.0
88.4
661.1
968.0
845.2
476.1
180.0
169.6
93.7
191.9
727.2
721.5
959.4
794.0
117.8
27.5
668.4
323.9
774.1
334.2
127.6
465.3
440.9
172.0
760.8
120.5
366.3
660.7
433.8
147.1
667.3
224.0
484.1
37.8
91.8
96.4
602.1
783.4
419.7
829.0
213.3
822.0
420.7
151.0
552.8
393.5
828.7
440.1
842.9
535.1
877.8
766.5
727.5
471.7
396.7
797.6
638.3
494.1
683.9
259.9
188.9
85.2
791.1
338.5
423.1
448.6
378.5
34.8
252.3
361.7
171.3
212.9
50.8
130.1
393.6
991.2
277.4
798.0
892.5
455.7
580.2
897.9
596.7
153.7
299.2
308.4
224.3
777.6
297.7
978.0
240.5
460.4
587.7
901.2
755.7
734.9
655.6
490.6
442.6
94.3
50.6
424.8
251.7
445.2
291.6
845.3
127.7
186.5
486.2
18.1
684.6
528.8
666.7
698.3
276.6
230.1
59.5
614.6
396.2
199.8
848.3
492.3
405.5
96.5
942.2
564.0
431.5
829.9
923.8
410.8
977.3
276.3
404.0
270.1
555.3
272.0
776.3
775.4
180.9
527.6
451.3
443.4
964.3
36.0
36.3
377.3
339.1
654.0
303.5
344.6
768.8
999.0
788.4
805.2
467.3
686.9
413.7
888.1
467.2
422.6
284.2
71.3
137.4
892.5
571.4
43.0
131.9
357.9
658.1
182.8
34.6
958.8
757.4
619.5
108.0
434.9
707.2
990.5
595.3
695.4
784.6
367.3
348.6
497.8
763.8
67.9
329.6
830.5
545.3
611.7
736.1
393.2
481.7
956.5
153.1
407.0
190.7
805.9
644.2
444.3
544.7
644.4
16.1
503.1
906.7
401.8
645.7
562.2
846.7
513.4
467.1
11.6
565.6
405.5
457.7
630.9
271.1
584.4
743.6
281.9
33.6
781.4
884.0
310.5
874.9
462.9
410.5
900.4
53.5
470.6
140.7
894.9
586.6
352.1
607.5
643.5
484.2
333.2
950.2
180.6
469.3
467.6
532.1
873.6
94.0
97.6
334.1
485.3
423.2
971.7
150.9
405.2
421.7
364.5
786.5
589.6
903.3
607.0
138.8
603.3
32.0
101.2
54.4
754.0
856.8
186.9
133.8
632.1
531.0
272.1
783.3
361.5
512.4
291.1
213.3
170.8
971.9
395.7
835.6
230.7
252.6
301.2
301.0
188.8
869.9
178.1
855.8
495.1
696.9
718.0
955.1
829.7
151.1
610.3
895.5
616.4
578.2
107.0
76.6
417.0
861.0
761.2
57.6
96.8
991.0
577.2
318.6
940.3
877.9
171.2
433.1
721.6
868.1
956.4
100.6
997.9
690.2
190.8
428.7
211.1
462.9
579.5
628.2
41.5
51.4
526.3
97.2
761.2
289.0
690.3
763.8
555.2
212.2
424.0
994.0
993.8
75.3
229.8
271.9
305.2
410.9
146.2
750.6
127.0
537.3
474.3
835.7
585.0
579.0
216.8
458.6
769.1
560.2
55.6
773.7
87.8
523.2
295.9
474.5
316.2
676.8
431.9
139.0
223.7
239.6
37.1
740.3
508.5
547.4
72.1
880.8
72.7
789.5
959.0
260.7
767.5
370.3
7.4
411.4
551.4
544.7
688.2
512.3
818.3
198.7
392.0
855.4
663.2
439.0
447.2
157.6
793.6
579.2
138.6
834.2
982.7
142.5
993.9
822.3
250.9
808.2
313.5
106.3
362.0
307.1
330.3
819.0
345.8
632.2
321.7
578.3
646.1
282.6
727.9
775.9
924.3
968.9
456.7
25.3
617.0
824.7
662.0
191.0
320.3
919.2
308.8
26.6
7.1
810.4
531.4
385.7
442.4
640.8
472.9
988.3
213.4
717.4
595.4
897.7
950.7
433.0
106.6
10.8
473.0
103.6
764.9
349.5
737.3
615.9
31.7
283.8
646.9
316.4
2.6
778.5
642.4
767.4
515.4
578.6
91.0
442.8
579.7
651.6
692.9
981.2
525.6
950.7
515.0
316.3
779.2
120.2
980.2
807.3
129.7
995.8
549.5
169.4
383.5
420.1
288.9
962.2
443.8
477.8
597.9
941.0
613.4
428.3
421.7
811.5
257.3
203.2
176.7
694.2
609.9
534.4
224.5
846.6
529.6
801.3
539.0
319.3
449.2
191.2
293.7
865.0
774.8
899.0
476.8
791.0
17.1
555.5
762.3
753.9
246.7
608.5
166.8
107.4
790.8
576.9
635.4
123.7
342.5
228.9
824.8
534.1
550.2
794.2
879.6
635.3
386.2
499.7
942.4
559.8
861.4
966.5
824.0
104.3
345.3
780.9
5.7
130.8
16.1
474.2
422.9
813.8
767.9
59.0
970.9
300.0
213.6
499.0
180.2
159.5
496.2
364.8
442.9
83.2
408.5
805.6
647.1
901.7
691.6
318.2
994.7
250.8
887.0
454.4
894.1
170.7
995.7
773.8
736.8
496.7
814.6
978.1
452.8
884.8
22.7
62.1
936.6
698.4
947.0
630.0
566.6
688.3
833.3
478.9
358.5
307.9
810.1
97.4
370.2
43.7
881.6
217.3
585.8
226.5
480.5
741.4
437.3
561.3
259.0
166.2
421.1
51.5
762.5
18.0
884.1
792.3
643.3
1.6
912.5
788.9
134.6
250.1
155.1
701.7
544.9
743.8
981.0
96.4
529.8
45.4
40.7
845.8
246.7
5.0
986.1
934.2
279.8
301.7
775.6
388.1
521.7
96.8
429.1
875.1
293.4
930.9
366.2
281.7
879.5
109.9
594.8
746.8
72.5
22.4
994.8
734.1
509.8
793.4
870.3
418.8
958.0
641.6
495.4
475.4
992.0
105.3
622.6
439.8
236.1
758.1
379.9
684.3
85.8
850.0
743.0
358.7
990.1
898.3
467.3
941.3
593.4
1.4
598.1
60.7
209.7
763.2
675.8
244.9
153.4
803.3
201.7
391.2
106.4
565.4
961.7
718.1
178.6
557.7
995.6
491.3
991.0
814.4
34.9
559.2
104.9
100.1
499.4
814.9
53.7
259.8
66.3
982.4
33.4
445.3
621.8
907.6
71.2
367.3
479.2
302.5
587.6
637.4
302.0
521.0
364.4
42.9
277.2
973.6
241.4
321.3
995.4
620.4
265.4
95.7
442.0
511.1
345.9
830.7
914.2
937.9
66.1
195.9
731.9
531.4
600.0
57.5
742.0
774.4
340.1
884.3
765.8
60.6
307.3
7.2
814.4
391.3
509.0
983.7
204.8
792.3
238.1
205.9
661.8
577.5
393.3
72.9
693.2
419.0
960.5
712.2
122.9
506.5
997.7
812.1
111.9
28.3
773.7
70.0
425.7
837.9
543.1
977.1
581.7
126.2
353.5
242.5
831.8
505.9
163.4
612.9
812.7
807.8
610.4
634.5
882.2
427.4
399.4
369.1
955.2
316.3
254.8
35.3
341.7
446.5
127.7
526.8
4.3
65.0
416.5
98.5
751.0
585.0
128.0
463.2
519.7
189.2
990.4
53.1
995.5
216.6
336.4
609.9
327.7
571.1
412.5
415.6
928.9
616.8
387.8
691.5
82.8
544.0
377.0
934.5
474.3
71.8
959.0
671.8
60.0
155.4
545.4
911.4
183.5
425.8
624.3
468.2
859.0
783.6
24.9
304.7
634.3
27.1
955.4
967.7
124.5
250.2
85.7
972.3
457.0
978.2
310.5
660.9
476.6
369.5
99.3
697.8
738.3
540.0
541.1
201.4
79.9
121.9
792.3
125.1
569.2
613.9
942.4
578.7
962.7
366.2
953.3
939.9
922.4
58.9
492.3
61.0
660.8
862.9
451.2
882.4
740.5
496.5
807.7
750.6
991.6
670.6
571.1
229.1
499.7
165.0
841.0
683.5
475.8
171.8
638.8
970.8
605.3
325.5
914.9
920.6
107.5
10.3
121.2
287.8
421.9
509.0
876.3
419.9
541.0
575.7
184.8
567.9
666.8
466.7
830.9
49.0
798.2
712.1
330.7
281.8
279.4
106.5
676.5
69.1
282.5
434.5
714.1
64.5
371.4
49.1
916.2
311.4
423.4
169.6
718.8
595.7
538.6
37.6
578.5
418.9
993.0
939.4
339.2
837.5
273.2
105.0
19.0
563.6
750.6
605.7
294.4
293.3
142.9
444.3
245.8
696.4
915.1
348.2
268.2
174.2
100.5
962.8
780.5
413.1
420.8
613.2
858.0
423.5
602.8
840.6
526.8
816.6
623.1
820.5
125.1
115.9
451.4
12.8
863.4
150.4
249.1
615.9
233.4
249.1
374.5
570.8
132.1
979.3
406.0
43.4
165.7
917.4
103.9
783.4
419.6
276.8
460.2
333.7
500.3
251.9
787.6
808.1
728.4
527.2
887.1
305.3
596.7
746.3
471.0
635.0
697.3
513.5
150.7
621.5
298.0
590.9
577.3
564.2
538.8
22.9
171.7
726.4
187.6
523.7
612.8
456.9
128.8
795.5
822.9
865.5
756.1
176.8
119.9
677.1
809.5
774.3
162.4
27.6
194.2
617.3
222.0
38.9
241.0
276.6
621.1
352.3
26.5
834.8
734.8
818.2
813.1
9.2
243.5
990.4
432.0
610.4
940.9
470.2
819.7
787.8
634.7
666.0
819.0
141.7
77.8
29.4
312.9
702.6
671.0
0.8
206.1
304.8
742.9
438.3
903.4
911.8
518.0
222.8
336.1
351.5
213.1
413.5
623.7
277.2
805.6
809.6
148.3
945.5
317.6
231.9
557.5
914.6
641.8
38.9
800.5
242.4
917.4
906.3
93.1
838.0
486.2
930.8
609.9
999.9
689.4
434.9
636.1
275.0
242.0
961.9
227.2
965.5
534.8
508.7
320.7
8.2
889.8
777.8
965.0
144.6
57.3
997.2
485.9
458.2
737.1
671.3
659.1
191.7
584.8
123.5
928.8
325.3
367.7
832.8
921.4
510.0
798.9
706.1
543.9
607.9
648.3
216.2
390.8
42.3
530.2
415.9
334.3
540.9
144.0
638.8
901.6
440.1
160.4
176.1
435.2
82.4
668.7
405.0
740.4
85.3
405.8
184.4
210.2
390.6
387.3
338.6
352.3
262.3
262.6
854.7
112.5
995.5
904.9
716.3
822.6
872.1
952.3
295.4
19.2
57.5
136.9
446.4
51.3
216.6
168.1
790.0
551.2
603.8
330.2
158.1
772.6
403.8
788.8
210.6
713.6
942.9
305.3
769.0
725.8
62.5
815.8
327.6
215.5
680.9
98.3
107.3
213.5
358.6
168.5
458.4
574.4
893.0
747.5
715.3
431.7
704.1
315.4
713.1
129.0
915.5
233.1
4.3
329.8
705.1
525.7
936.6
832.9
743.8
193.5
524.8
713.3
334.5
883.4
956.9
573.8
517.0
167.8
887.3
562.9
788.4
931.3
834.3
47.5
2.5
777.6
36.5
906.9
288.5
680.2
968.3
618.1
836.6
739.0
630.0
373.0
703.7
329.5
714.9
804.1
168.5
43.7
387.4
370.8
655.3
969.8
957.5
57.1
978.6
430.5
935.5
789.3
531.7
839.0
198.3
174.8
951.0
640.5
617.8
490.6
969.0
727.3
731.5
777.0
261.9
127.1
340.4
784.3
30.8
222.1
280.7
790.6
745.2
696.1
526.9
906.3
447.5
498.0
394.9
155.7
919.5
591.8
748.1
430.6
641.2
646.6
15.7
772.4
924.5
138.3
50.9
49.0
594.9
537.8
722.1
55.4
471.2
757.3
359.5
752.6
93.4
150.2
522.0
799.1
850.5
375.7
958.1
608.2
288.0
204.5
252.2
203.9
348.8
202.5
972.4
870.4
24.2
719.8
291.6
40.7
26.2
918.4
80.9
831.7
163.0
804.3
118.9
746.4
664.3
910.9
221.0
391.7
524.0
673.0
409.1
222.8
244.3
456.9
849.5
685.4
833.9
513.2
826.5
690.2
586.5
736.5
337.7
180.5
432.3
43.4
492.5
562.3
440.1
780.6
530.2
698.9
828.7
146.3
174.8
764.8
122.4
713.3
384.0
892.0
35.8
965.3
292.7
836.9
302.2
395.4
986.6
423.5
659.6
696.3
100.6
487.3
104.2
744.4
490.8
976.7
303.0
984.4
393.4
539.3
734.0
140.6
144.0
668.1
286.0
27.3
298.6
404.7
276.7
142.1
152.7
367.6
187.9
820.6
444.8
263.8
552.2
33.8
766.0
32.9
421.3
642.0
138.2
314.8
294.1
162.9
928.3
562.1
623.7
296.6
923.7
553.2
92.2
263.5
747.8
372.6
456.9
989.4
747.4
578.9
639.5
629.1
979.6
777.2
459.6
413.4
447.4
513.7
138.8
360.8
510.3
567.7
231.9
621.6
157.9
812.5
629.0
78.1
529.1
323.0
63.0
579.4
392.7
38.2
387.6
332.9
81.9
290.1
802.4
34.3
928.7
119.7
641.6
151.1
171.9
465.8
947.8
72.3
39.8
745.6
53.3
986.6
83.2
468.2
209.1
59.2
987.3
163.1
196.7
429.2
559.7
562.4
143.0
583.0
962.6
578.7
266.4
379.8
740.5
822.6
708.0
473.3
97.9
401.5
564.6
602.1
183.4
159.8
364.4
206.9
339.5
967.2
672.9
135.6
804.9
792.0
467.9
691.1
79.1
777.5
235.3
534.4
361.9
663.2
536.8
678.1
945.7
139.8
833.4
821.3
931.9
681.7
407.5
770.0
894.2
258.9
607.4
728.4
551.3
203.9
804.1
374.7
851.1
340.5
291.9
645.7
74.3
978.1
